regex: ^\*[:blank:]\*





537 
545 
546 
547 
548 
549 
551 
552 
558
561 
562 
563 
564 
565 
566 
567 
568 
569 
570 
571 
572 
573 
574 
575 
576 
577 
578 
579 
580 
581 
582 
583 
584 
585 
586 
587 
588 
589 
590 
591 
592 
593
594 
595
596 
597 
598 
599 
600 
601 
602 
603 
604 
605 
606
607 
608 
609 
610 
662 
669 
672 
759 
800
837
1036 
1124
1138 
1143 
1144 
1145 
1146 
1147 
1149 
1497 
1513 
1533 
1536 
1537 
1538 
1539 
1540 
1541
1542
1543 
1544
1545
1546 
1547 
1548 
1606 
1609 
1616
1619 
1622
1631 
1658 
1659
1660 
1690 
1711 
1762 
1763 
1780 
1781 
1800 
1801 
1802 
1807 
1878 
1918 
